,Open,High,Low,Close,Adj Close,Volume,CPI,Mortgage_rate,Unemp_rate,disposable_income,Personal_consumption_expenditure,personal_savings
1984-11-01,247.100006,248.0,247.100006,248.0,248.0,55840000,105.3,13.638,7.2,5780.3,2571.4,10.9
1985-02-01,277.899994,278.5,277.899994,278.399994,278.399994,85330000,106.3,12.92,7.2,5759.7,2640.8,9.1
1985-03-01,285.100006,287.200012,285.100006,287.200012,287.200012,92100000,106.8,13.17,7.2,5733.0,2648.5,8.7
1985-04-01,279.5,280.399994,279.200012,280.299988,280.299988,67200000,107.0,13.195,7.3,5828.1,2659.5,9.9
1985-05-01,280.5,280.700012,279.5,279.600006,279.600006,66020000,107.2,12.914,7.2,5970.2,2696.4,11.1
1985-07-01,295.899994,296.5,295.5,296.5,296.5,68530000,107.7,12.0325,7.4,5857.2,2715.7,9.1
1985-08-01,302.600006,304.100006,301.200012,304.0,304.0,90020000,107.9,12.186,7.1,5852.9,2752.1,8.2
1985-10-01,280.600006,281.799988,280.299988,281.799988,281.799988,76580000,108.5,12.135,7.1,5907.0,2755.8,9.1
1985-11-01,293.0,294.200012,292.5,294.100006,294.100006,90090000,109.0,11.784,7.0,5915.8,2771.1,9.0
1986-04-01,375.799988,375.799988,373.899994,374.200012,374.200012,125300000,108.7,9.9375,7.1,6076.8,2835.2,9.7
1986-05-01,383.200012,383.200012,381.5,381.700012,381.700012,114300000,109.0,10.144,7.2,6082.8,2857.5,9.3
1986-07-01,407.0,407.799988,405.5,407.600006,407.600006,132800000,109.5,10.5075,7.0,6110.2,2881.2,9.3
1986-08-01,372.5,372.700012,370.600006,370.700012,370.700012,99370000,109.6,10.2,6.9,6119.3,2898.6,9.0
1986-10-01,352.5,352.899994,351.200012,352.299988,352.299988,102000000,110.2,9.974,7.0,6121.2,2932.9,8.4
1986-12-01,357.399994,359.600006,356.799988,357.899994,357.899994,97830000,110.8,9.31,6.6,6135.8,2997.1,7.0
1987-04-01,426.299988,429.899994,424.600006,428.299988,428.299988,143300000,112.7,9.8325,6.3,5967.2,3038.8,4.5
1987-05-01,418.600006,418.899994,417.399994,418.399994,418.399994,184300000,113.0,10.596,6.3,6209.1,3048.4,8.2
1987-06-01,415.5,416.5,414.700012,415.0,415.0,133100000,113.5,10.5375,6.2,6200.8,3072.8,7.7
1987-07-01,424.5,425.0,424.200012,424.5,424.5,213800000,113.8,10.278,6.1,6218.1,3094.7,7.5
1987-09-01,455.5,456.299988,452.5,452.5,452.5,173800000,114.7,10.8875,5.9,6244.3,3126.5,7.6
1987-10-01,446.200012,448.5,445.299988,448.5,448.5,164800000,115.0,11.26,6.0,6284.5,3134.5,8.3
1987-12-01,306.399994,307.299988,304.600006,305.200012,305.200012,111850000,115.6,10.64,5.7,6365.4,3174.1,8.7
1988-02-01,346.200012,347.600006,345.700012,346.200012,346.200012,117620000,116.2,9.8925,5.7,6416.0,3221.4,8.6
1988-03-01,367.399994,368.0,366.700012,367.299988,367.299988,136830000,116.5,9.93,5.7,6442.2,3260.5,8.2
1988-06-01,372.700012,375.0,372.700012,374.799988,374.799988,136780000,118.0,10.46,5.4,6497.4,3318.5,8.4
1988-07-01,394.200012,395.100006,394.0,394.700012,394.700012,117380000,118.5,10.432,5.4,6524.5,3342.7,8.6
1988-08-01,387.600006,388.5,387.299988,388.0,388.0,105970000,119.0,10.5975,5.6,6542.8,3368.0,8.4
1988-09-01,374.200012,376.600006,372.200012,373.0,373.0,106380000,119.5,10.48,5.4,6555.5,3375.0,8.9
1988-11-01,382.700012,383.0,381.600006,382.399994,382.399994,110350000,120.3,10.265,5.3,6592.6,3430.2,8.4
1988-12-01,372.100006,374.0,371.200012,373.899994,373.899994,123270000,120.7,10.612,5.3,6625.1,3459.7,8.3
1989-02-01,401.799988,403.200012,401.5,403.200012,403.200012,152890000,121.6,10.645,5.2,6673.2,3488.0,9.0
1989-03-01,401.0,401.5,399.399994,399.799988,399.799988,128730000,122.2,11.032,5.0,6706.7,3498.8,9.5
1989-05-01,425.899994,427.5,425.799988,427.5,427.5,116720000,123.7,10.7725,5.2,6641.7,3551.8,8.1
1989-06-01,446.799988,448.299988,446.100006,448.299988,448.299988,135870000,124.1,10.196,5.3,6660.5,3566.6,8.2
1989-08-01,455.200012,455.399994,453.200012,453.299988,453.299988,136880000,124.5,9.985,5.2,6701.6,3620.6,7.6
1989-09-01,469.899994,471.5,469.600006,471.299988,471.299988,113460000,124.8,10.126,5.3,6721.7,3621.9,8.1
1989-11-01,456.200012,457.299988,455.600006,456.600006,456.600006,118620000,125.9,9.7675,5.4,6761.3,3643.3,8.6
1989-12-01,456.600006,457.899994,456.399994,457.100006,457.100006,138470000,126.3,9.744,5.4,6761.4,3684.2,7.8
1990-02-01,416.799988,417.899994,416.200012,417.799988,417.799988,135470000,128.0,10.1975,5.3,6815.1,3728.2,8.6
1990-03-01,425.299988,427.700012,424.5,427.200012,427.200012,134240000,128.6,10.268,5.2,6816.9,3754.9,8.3
1990-05-01,422.0,422.200012,420.700012,421.899994,421.899994,124130000,129.1,10.4775,5.4,6852.4,3775.8,8.7
1990-06-01,459.5,462.5,459.5,462.100006,462.100006,168060000,129.9,10.164,5.2,6862.3,3804.5,8.6
1990-08-01,437.700012,438.600006,435.100006,435.899994,435.899994,128980000,131.6,10.1,5.7,6842.8,3848.3,8.1
1990-10-01,349.0,354.700012,346.299988,354.700012,354.700012,124380000,133.4,10.1775,5.9,6783.4,3870.6,7.8
1990-11-01,328.600006,330.600006,327.799988,330.600006,330.600006,107950000,133.7,10.014,6.2,6785.1,3871.9,7.9
1991-02-01,415.100006,418.899994,413.5,417.700012,417.700012,168220000,134.8,9.365,6.6,6814.0,3866.7,8.8
1991-03-01,450.600006,456.700012,450.299988,456.700012,456.700012,160530000,134.8,9.5,6.8,6824.9,3913.0,8.0
1991-04-01,480.179993,481.630005,479.119995,480.859985,480.859985,126190000,135.1,9.4925,6.7,6851.7,3907.1,8.6
1991-05-01,481.940002,487.859985,481.459991,487.850006,487.850006,185190000,135.6,9.472,6.9,6852.9,3933.2,8.4
1991-07-01,478.059998,481.559998,476.970001,481.309998,481.309998,121930000,136.2,9.575,6.8,6875.2,3966.0,8.2
1991-08-01,502.269989,504.299988,501.730011,504.149994,504.149994,160100000,136.6,9.244,6.9,6891.4,3969.1,8.6
1991-10-01,527.140015,528.849976,525.880005,528.51001,528.51001,162680000,137.2,8.855,7.0,6921.1,3976.0,9.3
1991-11-01,542.169983,543.609985,539.890015,540.929993,540.929993,205420000,137.8,8.712,7.0,6932.2,4003.6,9.0
1992-04-01,598.619995,602.340027,597.659973,602.090027,602.090027,180170000,139.4,8.8525,7.4,7126.8,4131.5,9.9
1992-05-01,579.72998,580.969971,575.390015,578.140015,578.140015,147290000,139.7,8.672,7.6,7161.1,4158.4,9.9
1992-06-01,583.669983,588.380005,582.130005,588.369995,588.369995,141570000,140.1,8.51,7.8,7191.7,4177.1,10.1
1992-07-01,563.72998,569.049988,563.23999,568.98999,568.98999,186080000,140.5,8.128,7.7,7187.0,4204.8,9.6
1992-09-01,562.51001,565.640015,562.359985,565.609985,565.609985,156870000,141.1,7.9225,7.6,7179.5,4255.3,8.7
1992-10-01,581.080017,582.47998,577.830017,578.330017,578.330017,185130000,141.7,8.088,7.3,7133.6,4284.7,8.0
1992-12-01,650.580017,654.27002,650.27002,653.950012,653.950012,237120000,142.3,8.206,7.4,7399.0,4336.4,10.6
1993-02-01,697.97998,702.140015,696.77002,701.77002,701.77002,213940000,143.1,7.6825,7.1,7271.8,4355.3,8.9
1993-03-01,670.880005,672.940002,668.900024,669.51001,669.51001,186040000,143.3,7.495,7.0,7249.2,4352.5,8.9
1993-04-01,690.820007,691.150024,685.950012,686.640015,686.640015,246690000,143.8,7.472,7.1,7286.8,4393.4,8.7
1993-06-01,700.960022,706.23999,700.070007,704.280029,704.280029,236780000,144.3,7.4175,7.0,7262.9,4440.0,7.8
1993-07-01,702.01001,704.419983,700.76001,703.590027,703.590027,225790000,144.5,7.206,6.9,7281.2,4468.9,7.6
1993-09-01,743.650024,746.409973,742.210022,746.150024,746.150024,281360000,145.0,6.915,6.7,7271.9,4511.5,6.9
1993-10-01,761.619995,763.530029,761.150024,763.22998,763.22998,290020000,145.6,6.834,6.8,7236.4,4532.8,6.3
1993-11-01,780.369995,784.030029,779.299988,783.77002,783.77002,273130000,146.0,7.155,6.6,7256.4,4554.1,6.3
1993-12-01,759.900024,764.23999,757.400024,763.809998,763.809998,323880000,146.3,7.172,6.5,7503.7,4571.1,9.1
1994-02-01,798.419983,799.98999,794.919983,797.23999,797.23999,339750000,146.7,7.1525,6.6,7377.2,4632.6,6.5
1994-03-01,792.099976,793.419983,783.580017,788.640015,788.640015,307310000,147.1,7.675,6.5,7401.7,4646.0,6.8
1994-06-01,733.179993,735.98999,730.570007,735.52002,735.52002,300340000,147.9,8.3975,6.1,7475.5,4708.9,6.9
1994-07-01,706.289978,706.97998,703.440002,706.849976,706.849976,201870000,148.4,8.614,6.1,7481.7,4720.6,7.0
1994-08-01,722.840027,724.909973,722.669983,724.849976,724.849976,269660000,149.0,8.5125,6.0,7490.5,4762.6,6.5
1994-09-01,763.0,763.0,757.429993,758.950012,758.950012,321840000,149.3,8.64,5.9,7523.2,4775.0,6.8
1994-11-01,776.25,776.25,770.950012,772.190002,772.190002,318760000,149.8,9.17,5.6,7594.4,4825.6,7.0
1994-12-01,748.830017,749.200012,739.940002,740.609985,740.609985,275730000,150.1,9.198,5.5,7629.1,4841.6,7.2
1995-02-01,756.679993,762.330017,756.679993,758.309998,758.309998,309930000,150.9,8.8275,5.4,7669.1,4850.8,7.8
1995-03-01,794.330017,795.289978,791.869995,791.869995,791.869995,336510000,151.2,8.462,5.4,7690.3,4885.4,7.5
1995-05-01,844.719971,846.419983,841.630005,841.630005,841.630005,315660000,152.1,7.955,5.6,7710.9,4933.1,7.1
1995-06-01,865.669983,870.210022,864.210022,868.820007,868.820007,354420000,152.4,7.566,5.6,7734.0,4977.5,6.7
1995-08-01,1001.570007,1001.719971,986.169983,991.109985,991.109985,436320000,152.9,7.86,5.7,7756.6,5005.3,6.7
1995-09-01,1019.419983,1020.599976,1016.929993,1019.469971,1019.469971,292450000,153.1,7.636,5.6,7782.0,5020.5,6.8
1995-11-01,1037.300049,1040.609985,1034.390015,1040.5,1040.5,437200000,153.7,7.3775,5.6,7812.3,5055.6,6.6
1995-12-01,1060.660034,1060.829956,1053.25,1055.310059,1055.310059,495080000,153.9,7.2,5.6,7823.0,5097.5,6.1
1996-02-01,1058.26001,1069.459961,1057.819946,1069.459961,1069.459961,583070000,155.0,7.075,5.5,7894.3,5132.8,6.7
1996-03-01,1098.939941,1100.290039,1082.969971,1086.079956,1086.079956,587170000,155.5,7.624,5.5,7919.9,5173.3,6.6
1996-04-01,1105.77002,1107.290039,1102.939941,1106.569946,1106.569946,463880000,156.1,7.925,5.6,7872.3,5208.0,5.7
1996-05-01,1190.47998,1200.189941,1190.150024,1199.660034,1199.660034,654270000,156.4,8.07,5.6,7972.0,5223.8,6.7
1996-07-01,1185.640015,1198.040039,1185.640015,1197.449951,1197.449951,501850000,157.0,8.245,5.5,7999.4,5251.9,6.7
1996-08-01,1081.339966,1098.920044,1080.410034,1098.849976,1098.849976,500640000,157.2,8.002,5.1,8019.8,5275.0,6.6
1996-10-01,1223.72998,1227.439941,1214.599976,1221.51001,1221.51001,542530000,158.2,7.915,5.2,8038.2,5328.5,6.4
1996-11-01,1223.719971,1224.819946,1218.27002,1221.780029,1221.780029,544420000,158.7,7.618,5.4,8060.2,5351.2,6.4
1997-04-01,1211.280029,1222.26001,1206.719971,1216.930054,1216.930054,599440000,159.9,8.1425,5.1,8178.2,5459.3,6.5
1997-05-01,1263.930054,1273.0,1260.939941,1270.5,1270.5,615620000,159.9,7.944,4.9,8214.1,5460.2,6.8
1997-07-01,1442.650024,1444.119995,1432.420044,1438.25,1438.25,589030000,160.4,7.4975,4.9,8271.7,5548.8,6.1
1997-08-01,1594.670044,1599.030029,1580.5,1594.329956,1594.329956,584020000,160.8,7.48,4.8,8314.6,5587.0,6.0
1997-10-01,1690.790039,1696.630005,1680.76001,1690.300049,1690.300049,970680000,161.5,7.294,4.7,8377.6,5637.7,6.2
1997-12-01,1608.560059,1630.719971,1608.560059,1630.719971,1630.719971,610620000,161.8,7.095,4.7,8480.3,5692.1,6.4
1998-04-01,1838.150024,1848.949951,1826.119995,1847.660034,1847.660034,835580000,162.2,7.14,4.3,8685.6,5788.1,7.2
1998-05-01,1871.810059,1875.52002,1864.439941,1873.439941,1873.439941,774600000,162.6,7.144,4.4,8721.1,5837.9,6.9
1998-06-01,1770.369995,1779.339966,1741.099976,1746.819946,1746.819946,645550000,162.8,6.9975,4.5,8770.5,5871.7,6.8
1998-07-01,1904.23999,1914.459961,1893.060059,1914.459961,1914.459961,857360000,163.2,6.952,4.5,8786.0,5890.0,6.9
1998-09-01,1509.01001,1577.51001,1475.48999,1575.089966,1575.089966,1258680000,163.5,6.7225,4.6,8840.5,5965.6,6.4
1998-10-01,1663.300049,1693.839966,1606.609985,1612.329956,1612.329956,856960000,163.9,6.71,4.5,8853.3,5998.8,6.2
1998-12-01,1928.51001,2003.880005,1924.150024,2003.75,2003.75,1026050000,164.4,6.738,4.4,8907.1,6070.5,5.8
1999-02-01,2522.379883,2533.439941,2500.350098,2510.090088,2510.090088,957110000,164.7,6.8075,4.4,8987.9,6099.2,6.3
1999-03-01,2286.830078,2300.820068,2264.320068,2295.179932,2295.179932,770800000,164.8,7.04,4.2,8996.9,6133.0,6.0
1999-04-01,2493.070068,2502.459961,2460.23999,2493.370117,2493.370117,848680000,165.9,6.916,4.3,8969.0,6199.5,5.0
1999-06-01,2467.51001,2470.530029,2411.969971,2412.030029,2412.030029,743680000,166.0,7.55,4.3,9018.1,6260.3,4.7
1999-07-01,2692.959961,2711.76001,2658.26001,2706.179932,2706.179932,1093090000,166.7,7.632,4.3,9036.7,6287.6,4.8
1999-09-01,2752.330078,2768.550049,2739.110107,2750.800049,2750.800049,919330000,167.8,7.8225,4.2,9066.3,6386.5,4.1
1999-10-01,2729.040039,2739.77002,2698.01001,2736.850098,2736.850098,973610000,168.1,7.852,4.1,9117.2,6411.4,4.4
1999-11-01,2970.929932,2997.899902,2967.629883,2967.649902,2967.649902,1076080000,168.4,7.7375,4.1,9177.2,6448.7,4.6
1999-12-01,3341.100098,3375.800049,3321.570068,3353.709961,3353.709961,1434310000,168.8,7.912,4.0,9248.6,6541.0,4.2
2000-02-01,3961.070068,4053.159912,3911.840088,4051.97998,4051.97998,1398240000,170.0,8.325,4.1,9345.2,6625.3,4.5
2000-03-01,4732.819824,4796.899902,4732.819824,4784.080078,4784.080078,2232340000,171.0,8.24,4.0,9370.3,6686.5,4.3
2000-05-01,3930.179932,3982.379883,3899.709961,3958.080078,3958.080078,1500610000,171.2,8.515,4.0,9457.3,6709.7,4.8
2000-06-01,3471.949951,3583.27002,3459.850098,3582.5,3582.5,1580240000,172.2,8.288,4.0,9483.3,6746.9,4.8
2000-08-01,3760.949951,3766.919922,3682.449951,3685.52002,3685.52002,1341460000,172.7,8.0275,4.1,9591.5,6802.8,5.2
2000-09-01,4252.149902,4259.870117,4192.890137,4234.330078,4234.330078,1472940000,173.6,7.912,3.9,9601.5,6888.6,4.5
2000-11-01,3316.51001,3396.719971,3289.459961,3333.389893,3333.389893,2024380000,174.2,7.745,3.9,9629.8,6909.8,4.7
2000-12-01,2644.090088,2749.060059,2604.27002,2645.290039,2645.290039,2221970000,174.6,7.382,3.9,9647.6,6952.2,4.4
2001-02-01,2771.570068,2796.889893,2742.439941,2782.790039,2782.790039,1776260000,176.0,7.05,4.2,9708.8,7001.8,5.0
2001-03-01,2126.300049,2184.409912,2071.030029,2183.370117,2183.370117,2256880000,176.1,6.952,4.3,9733.9,6996.7,5.3
2001-05-01,2116.23999,2168.419922,2088.610107,2168.23999,2168.23999,1922520000,177.3,7.145,4.3,9680.9,7052.8,4.5
2001-06-01,2131.120117,2157.800049,2101.26001,2149.439941,2149.439941,1555300000,177.7,7.16,4.5,9679.4,7069.7,4.4
2001-08-01,2051.560059,2078.360107,2045.130005,2068.379883,2068.379883,1784220000,177.4,6.95,4.9,9982.1,7121.7,6.6
2001-10-01,1491.449951,1491.449951,1458.410034,1480.459961,1480.459961,1505140000,177.6,6.6175,5.3,9722.4,7212.9,3.1
2001-11-01,1705.52002,1746.650024,1683.98999,1746.300049,1746.300049,1784910000,177.5,6.658,5.5,9733.4,7182.3,3.5
2002-02-01,1928.829956,1942.150024,1901.209961,1911.23999,1911.23999,1710000000,178.0,6.8925,5.7,9966.6,7225.2,5.5
2002-03-01,1745.48999,1802.890015,1742.079956,1802.73999,1802.73999,1902520000,178.5,7.014,5.7,9973.3,7243.4,5.6
2002-04-01,1834.589966,1865.369995,1817.25,1862.619995,1862.619995,1554790000,179.3,6.985,5.9,10007.2,7312.5,5.5
2002-05-01,1683.76001,1687.560059,1643.23999,1677.530029,1677.530029,2189110000,179.5,6.806,5.8,10047.9,7288.9,6.2
2002-07-01,1457.040039,1459.839966,1402.51001,1403.800049,1403.800049,2320650000,180.0,6.485,5.8,10053.5,7387.3,5.4
2002-08-01,1322.469971,1326.099976,1276.880005,1280.0,1280.0,1548860000,180.5,6.29,5.7,10056.6,7412.6,5.4
2002-10-01,1180.26001,1214.01001,1160.709961,1213.719971,1213.719971,1707860000,181.2,6.1125,5.7,10097.3,7435.2,5.8
2002-11-01,1320.949951,1360.829956,1313.719971,1360.699951,1360.699951,1842870000,181.5,6.068,5.9,10124.3,7463.8,5.8
2003-04-01,1347.540039,1356.369995,1338.22998,1348.300049,1348.300049,1412110000,183.2,5.8125,6.0,10181.4,7634.5,5.1
2003-05-01,1463.0,1478.849976,1451.319946,1472.560059,1472.560059,1473860000,182.9,5.484,6.1,10261.2,7650.3,5.5
2003-07-01,1617.300049,1641.77002,1598.920044,1640.130005,1640.130005,1711820000,183.7,5.6325,6.2,10415.5,7757.0,6.1
2003-08-01,1731.630005,1733.140015,1714.01001,1715.619995,1715.619995,1484040000,184.5,6.264,6.1,10487.7,7852.1,5.9
2003-10-01,1797.069946,1832.25,1796.089966,1832.25,1832.25,1821740000,184.9,5.952,6.0,10408.4,7867.4,5.3
2003-12-01,1972.969971,1989.819946,1968.540039,1989.819946,1989.819946,1840020000,185.5,5.876,5.7,10479.0,7950.4,5.2
2004-03-01,2036.920044,2057.800049,2032.640015,2057.800049,2057.800049,1697920000,187.1,5.445,5.8,10533.6,8098.8,4.7
2004-04-01,1996.449951,2019.089966,1996.449951,2015.01001,2015.01001,1833430000,187.4,5.83,5.6,10569.6,8107.2,5.1
2004-06-01,1978.52002,1991.290039,1972.709961,1990.77002,1990.77002,1459030000,188.9,6.2875,5.6,10631.8,8157.6,5.6
2004-07-01,2045.530029,2045.530029,2006.670044,2015.550049,2015.550049,1739310000,189.1,6.056,5.5,10658.1,8236.9,5.0
2004-09-01,1833.369995,1859.439941,1833.329956,1850.410034,1850.410034,1426350000,189.8,5.754,5.4,10701.4,8341.5,4.4
2004-10-01,1909.589966,1942.22998,1908.569946,1942.199951,1942.199951,1820300000,190.8,5.7225,5.5,10707.4,8397.1,4.3
2004-11-01,1975.47998,1983.910034,1969.319946,1979.869995,1979.869995,1522820000,191.7,5.73,5.4,10677.3,8444.5,3.8
2004-12-01,2104.580078,2138.320068,2104.580078,2138.22998,2138.22998,2281640000,191.7,5.752,5.4,11072.9,8504.4,6.6
2005-02-01,2063.27002,2071.52002,2058.659912,2068.699951,2068.699951,1904570000,192.4,5.6275,5.4,10677.1,8559.1,2.9
2005-03-01,2057.469971,2073.73999,2057.189941,2071.25,2071.25,1941180000,193.1,5.928,5.2,10717.4,8598.4,3.1
2005-04-01,2009.089966,2014.72998,1982.189941,1984.810059,1984.810059,1869690000,193.7,5.855,5.2,10751.9,8678.4,2.7
2005-06-01,2067.22998,2095.540039,2067.22998,2087.860107,2087.860107,1779710000,193.7,5.582,5.0,10824.4,8753.4,2.6
2005-07-01,2060.969971,2064.810059,2053.060059,2057.370117,2057.370117,1176200000,194.9,5.695,5.0,10839.0,8853.8,2.1
2005-08-01,2191.48999,2201.870117,2189.080078,2195.379883,2195.379883,1492680000,196.1,5.82,4.9,10856.6,8850.1,2.6
2005-09-01,2150.030029,2157.320068,2142.320068,2147.899902,2147.899902,1623320000,198.8,5.774,5.0,10815.7,8900.4,2.7
2005-11-01,2109.889893,2121.25,2108.860107,2114.050049,2114.050049,1903230000,198.1,6.33,5.0,10937.8,8946.2,3.2
2005-12-01,2244.850098,2269.389893,2244.709961,2267.169922,2267.169922,2010420000,198.1,6.272,4.9,10976.2,8981.1,3.1
2006-02-01,2294.110107,2311.570068,2292.22998,2310.560059,2310.560059,2274610000,199.4,6.2525,4.8,11151.4,9096.0,3.9
2006-03-01,2288.149902,2315.949951,2285.639893,2314.639893,2314.639893,2190420000,199.7,6.324,4.7,11195.7,9132.9,4.1
2006-05-01,2329.790039,2334.689941,2300.25,2304.790039,2304.790039,2076120000,201.3,6.5975,4.6,11182.7,9231.8,3.6
2006-06-01,2179.820068,2219.860107,2177.800049,2219.860107,2219.860107,2078740000,201.8,6.682,4.6,11198.2,9259.6,3.7
2006-08-01,2080.340088,2080.340088,2052.75,2061.98999,2061.98999,1663070000,203.8,6.524,4.7,11189.6,9342.2,3.3
2006-09-01,2194.560059,2198.580078,2182.929932,2193.159912,2193.159912,1325540000,202.8,6.4025,4.5,11252.3,9375.4,3.2
2006-11-01,2373.48999,2375.530029,2330.570068,2334.350098,2334.350098,2027020000,202.0,6.24,4.5,11353.1,9400.2,3.6
2006-12-01,2430.75,2434.389893,2392.949951,2413.209961,2413.209961,2040520000,203.1,6.135,4.4,11406.8,9488.3,3.5
2007-02-01,2474.080078,2481.379883,2458.709961,2468.379883,2468.379883,2170040000,204.226,6.285,4.5,11439.6,9566.0,3.6
2007-03-01,2377.179932,2419.149902,2359.439941,2404.209961,2404.209961,2710750000,205.288,6.156,4.4,11475.0,9611.7,3.9
2007-05-01,2529.949951,2532.370117,2510.570068,2531.530029,2531.530029,2351750000,206.755,6.262,4.4,11495.5,9685.8,3.6
2007-06-01,2614.01001,2626.399902,2608.689941,2613.919922,2613.919922,1880030000,207.234,6.6575,4.6,11488.4,9706.8,3.5
2007-08-01,2538.5,2557.110107,2515.810059,2553.870117,2553.870117,2912270000,207.667,6.572,4.6,11506.2,9798.9,3.1
2007-10-01,2704.25,2743.530029,2704.25,2740.98999,2740.98999,1914080000,209.19,6.375,4.7,11523.6,9882.7,3.0
2007-11-01,2835.0,2835.629883,2793.169922,2794.830078,2794.830078,2528410000,210.834,6.208,4.7,11512.3,9955.9,2.8
2008-02-01,2392.580078,2419.22998,2374.5,2413.360107,2413.360107,3060180000,212.687,5.9175,4.9,11547.6,9981.7,3.6
2008-04-01,2306.51001,2362.75,2305.399902,2362.75,2362.75,2160120000,213.942,5.9175,5.0,11500.7,10070.3,2.9
2008-05-01,2416.48999,2480.709961,2416.48999,2480.709961,2480.709961,2344770000,215.208,6.036,5.4,12060.9,10132.3,7.3
2008-07-01,2274.23999,2306.909912,2255.790039,2304.969971,2304.969971,2653890000,219.016,6.426,5.8,11574.0,10185.1,4.0
2008-08-01,2326.830078,2328.949951,2286.409912,2310.959961,2310.959961,2312140000,218.69,6.4775,6.1,11506.9,10175.7,3.5
2008-10-01,2075.100098,2083.199951,2046.060059,2069.399902,2069.399902,1899330000,216.995,6.2,6.5,11616.7,10034.1,5.2
2008-12-01,1496.089966,1496.23999,1398.069946,1398.069946,1398.069946,1904470000,211.398,5.286,7.3,11655.4,9801.5,6.2
2009-04-01,1504.869995,1553.030029,1498.540039,1551.599976,1551.599976,2256580000,212.709,4.81,9.0,11660.2,9772.5,6.6
2009-05-01,1719.290039,1728.099976,1703.52002,1719.199951,1719.199951,2165930000,213.022,4.8575,9.4,11826.7,9791.6,7.9
2009-06-01,1796.089966,1833.180054,1792.800049,1828.680054,1828.680054,2600340000,214.79,5.42,9.5,11610.9,9852.4,6.2
2009-07-01,1846.119995,1861.619995,1843.790039,1845.719971,1845.719971,1971050000,214.726,5.222,9.5,11560.4,9886.3,5.5
2009-09-01,2001.300049,2034.780029,1965.47998,1968.890015,1968.890015,2778570000,215.861,5.0575,9.8,11573.1,9927.8,5.6
2009-10-01,2111.77002,2112.899902,2057.47998,2057.47998,2057.47998,2708170000,216.509,4.952,10.0,11538.1,9976.7,5.2
2009-12-01,2162.22998,2182.23999,2162.22998,2175.810059,2175.810059,2151300000,217.347,4.93,9.9,11630.0,10052.6,5.6
2010-02-01,2155.810059,2171.199951,2152.26001,2171.199951,2171.199951,2234140000,217.281,4.99,9.8,11655.6,10093.4,5.6
2010-03-01,2247.399902,2274.02002,2247.330078,2273.570068,2273.570068,2504940000,217.353,4.9675,9.9,11702.1,10156.0,5.6
2010-04-01,2411.679932,2423.429932,2383.77002,2402.580078,2402.580078,2340270000,217.403,5.098,9.9,11799.8,10182.3,6.2
2010-06-01,2244.790039,2277.389893,2220.889893,2222.330078,2222.330078,2167810000,217.199,4.7375,9.4,11895.0,10231.3,6.5
2010-07-01,2110.75,2117.939941,2061.139893,2101.360107,2101.360107,2717070000,217.605,4.564,9.4,11910.8,10268.1,6.4
2010-09-01,2142.75,2177.5,2141.949951,2176.840088,2176.840088,2133970000,218.275,4.346,9.5,11949.4,10327.1,6.5
2010-10-01,2386.820068,2389.449951,2359.320068,2370.75,2370.75,1932650000,219.035,4.225,9.4,11950.4,10386.4,6.3
2010-11-01,2520.449951,2532.370117,2491.459961,2504.840088,2504.840088,1904790000,219.59,4.3,9.8,11960.5,10433.6,6.1
2010-12-01,2535.189941,2558.290039,2535.189941,2549.429932,2549.429932,2109940000,220.472,4.714,9.3,12030.1,10471.0,6.5
2011-02-01,2717.610107,2755.969971,2716.639893,2751.189941,2751.189941,2255990000,221.898,4.9525,9.0,12117.0,10540.6,7.2
2011-03-01,2791.080078,2791.22998,2730.719971,2737.409912,2737.409912,2212860000,223.046,4.836,9.0,12083.3,10619.7,6.6
2011-04-01,2796.669922,2802.629883,2779.709961,2789.600098,2789.600098,2090120000,224.093,4.84,9.1,12061.3,10652.1,6.6
2011-06-01,2829.389893,2834.050049,2767.629883,2769.189941,2769.189941,2254850000,224.806,4.51,9.1,12087.9,10694.8,6.7
2011-07-01,2775.080078,2818.189941,2769.060059,2816.030029,2816.030029,1646380000,225.395,4.545,9.0,12128.6,10731.6,6.9
2011-08-01,2791.449951,2796.23999,2716.300049,2744.610107,2744.610107,2209790000,226.106,4.27,9.0,12120.6,10750.3,6.9
2011-09-01,2583.340088,2604.5,2543.560059,2546.040039,2546.040039,1742440000,226.597,4.106,9.0,12104.0,10783.2,6.5
2011-11-01,2607.310059,2638.600098,2597.159912,2606.959961,2606.959961,2294220000,227.169,3.9925,8.6,12112.6,10806.8,6.6
2011-12-01,2615.669922,2636.080078,2611.47998,2626.199951,2626.199951,1826860000,227.223,3.958,8.5,12227.3,10817.8,7.5
2012-02-01,2830.100098,2855.72998,2825.189941,2848.27002,2848.27002,2125720000,228.329,3.89,8.3,12384.8,10987.2,7.8
2012-03-01,2979.110107,2996.370117,2974.590088,2988.969971,2988.969971,1903690000,228.807,3.954,8.2,12431.1,10993.9,8.2
2012-05-01,3044.790039,3085.399902,3041.620117,3050.439941,3050.439941,1854230000,228.713,3.798,8.2,12490.2,11006.8,8.6
2012-06-01,2810.129883,2810.129883,2747.23999,2747.47998,2747.47998,1966370000,228.524,3.675,8.2,12482.6,10989.8,8.6
2012-08-01,2956.719971,2958.280029,2917.780029,2920.209961,2920.209961,1722530000,229.918,3.602,8.1,12364.4,11056.0,7.6
2012-10-01,3130.310059,3146.98999,3103.889893,3113.530029,3113.530029,1758170000,231.638,3.3825,7.8,12538.2,11137.4,8.7
2012-11-01,2987.540039,3021.939941,2984.219971,3020.060059,3020.060059,1880140000,231.249,3.352,7.7,12702.9,11178.4,9.5
2013-02-01,3162.939941,3183.139893,3154.909912,3179.100098,3179.100098,2012930000,232.937,3.5325,7.7,12224.9,11282.1,5.6
2013-03-01,3143.540039,3171.5,3129.399902,3169.73999,3169.73999,1870250000,232.282,3.565,7.5,12262.1,11268.9,5.9
2013-04-01,3268.629883,3270.22998,3230.570068,3239.169922,3239.169922,1481360000,231.797,3.445,7.6,12299.0,11259.3,6.2
2013-05-01,3325.350098,3330.02002,3296.5,3299.129883,3299.129883,1884600000,231.893,3.536,7.5,12358.6,11295.1,6.4
2013-07-01,3430.47998,3454.429932,3430.310059,3434.48999,3434.48999,1586750000,232.9,4.37,7.3,12350.6,11346.8,6.3
2013-08-01,3654.179932,3678.5,3653.73999,3675.73999,3675.73999,1863290000,233.456,4.456,7.2,12379.6,11376.9,6.4
2013-10-01,3774.179932,3817.97998,3774.179932,3817.97998,3817.97998,1843320000,233.669,4.192,7.2,12395.1,11465.2,6.0
2013-11-01,3932.449951,3938.47998,3904.199951,3922.040039,3922.040039,1949460000,234.1,4.255,6.9,12426.2,11531.3,5.8
2014-04-01,4219.870117,4268.200195,4218.77002,4268.040039,4268.040039,2153130000,236.468,4.3375,6.2,12699.0,11737.4,6.9
2014-05-01,4121.25,4149.560059,4105.609863,4127.450195,4127.450195,2077040000,236.918,4.192,6.3,12745.0,11778.6,7.1
2014-07-01,4424.709961,4471.600098,4424.430176,4458.649902,4458.649902,1942550000,237.498,4.13,6.2,12835.1,11879.2,7.2
2014-08-01,4363.390137,4385.049805,4324.02002,4352.640137,4352.640137,2050340000,237.46,4.115,6.1,12896.3,11958.8,7.0
2014-10-01,4486.649902,4486.790039,4409.299805,4422.089844,4422.089844,2312630000,237.43,4.036,5.7,12995.3,12035.5,7.1
2014-12-01,4777.72998,4782.069824,4724.620117,4727.350098,4727.350098,1893600000,236.252,3.864,5.6,13150.5,12067.6,7.7
2015-04-01,4894.359863,4899.379883,4844.390137,4880.22998,4880.22998,1874960000,236.222,3.672,5.4,13262.8,12170.3,7.6
2015-05-01,4966.319824,5005.390137,4962.740234,5005.390137,5005.390137,1854400000,237.001,3.84,5.6,13284.7,12233.6,7.5
2015-06-01,5094.939941,5099.009766,5045.669922,5082.930176,5082.930176,1902120000,237.657,3.9825,5.3,13292.7,12270.3,7.4
2015-07-01,5029.049805,5038.549805,4994.459961,5013.120117,5013.120117,1814560000,238.034,4.046,5.2,13324.1,12327.5,7.3
2015-09-01,4673.609863,4722.129883,4614.910156,4636.100098,4636.100098,2253750000,237.498,3.89,5.0,13392.0,12356.4,7.4
2015-10-01,4624.459961,4628.22998,4559.209961,4627.080078,4627.080078,2133990000,237.733,3.796,5.0,13419.8,12362.3,7.5
2015-12-01,5129.640137,5156.310059,5120.169922,5156.310059,5156.310059,2035570000,237.761,3.964,5.0,13482.0,12432.8,7.4
2016-02-01,4587.589844,4636.930176,4565.370117,4620.370117,4620.370117,1983340000,237.336,3.66,4.9,13546.1,12526.3,7.2
2016-03-01,4596.009766,4689.600098,4581.75,4689.600098,4689.600098,2080150000,238.08,3.694,5.0,13547.2,12506.8,7.6
2016-04-01,4842.549805,4917.089844,4832.060059,4914.540039,4914.540039,1812250000,238.992,3.605,5.1,13522.0,12586.0,7.2
2016-06-01,4928.970215,4958.97998,4923.200195,4952.25,4952.25,1797090000,240.222,3.568,4.9,13521.5,12701.7,6.6
2016-07-01,4837.180176,4880.169922,4837.169922,4862.569824,4862.569824,1745130000,240.101,3.44,4.8,13567.1,12720.6,6.8
2016-08-01,5167.419922,5199.129883,5158.930176,5184.200195,5184.200195,1866590000,240.545,3.435,4.9,13578.9,12749.8,6.8
2016-09-01,5218.279785,5229.939941,5189.359863,5227.209961,5227.209961,1592520000,241.176,3.46,5.0,13608.3,12806.8,6.8
2016-11-01,5199.77002,5201.129883,5112.319824,5153.580078,5153.580078,1880920000,242.026,3.77,4.7,13657.8,12853.6,7.0
2016-12-01,5323.879883,5326.339844,5238.209961,5251.109863,5251.109863,2269790000,242.637,4.198,4.7,13685.3,12962.9,6.5
2017-02-01,5654.509766,5662.109863,5621.029785,5642.649902,5642.649902,2239570000,244.006,4.1675,4.6,13792.3,13034.7,7.2
2017-03-01,5874.859863,5911.790039,5865.790039,5904.029785,5904.029785,2220350000,243.892,4.196,4.4,13851.3,13089.6,7.2
2017-05-01,6067.560059,6100.72998,6061.350098,6091.600098,6091.600098,1763100000,244.004,4.01,4.4,13962.6,13128.7,7.8
2017-06-01,6215.910156,6247.069824,6200.450195,6246.830078,6246.830078,1946000000,244.163,3.904,4.3,13963.5,13176.8,7.5
2017-08-01,6372.160156,6375.75,6345.75,6362.939941,6362.939941,1821780000,245.183,3.88,4.4,14015.8,13241.0,7.6
2017-09-01,6442.169922,6449.649902,6417.870117,6435.330078,6435.330078,1489120000,246.435,3.805,4.3,14030.9,13365.1,7.3
2017-11-01,6758.640137,6759.660156,6691.47998,6716.529785,6716.529785,2074230000,247.284,3.922,4.2,14078.4,13495.7,7.0
2017-12-01,6844.040039,6872.169922,6737.160156,6847.589844,6847.589844,2302140000,247.805,3.95,4.1,14111.5,13601.8,6.6
2018-02-01,7377.169922,7441.089844,7362.279785,7385.859863,7385.859863,2311180000,249.439,4.33,4.1,14250.1,13657.2,7.6
2018-03-01,7274.75,7307.850098,7117.660156,7180.560059,7180.560059,2499010000,249.581,4.444,4.0,14298.3,13725.0,7.6
2018-05-01,7053.649902,7133.27002,7036.180176,7130.700195,7130.700195,1932660000,250.779,4.586,3.8,14373.2,13872.1,7.5
2018-06-01,7487.660156,7557.379883,7487.22998,7554.330078,7554.330078,2212330000,251.118,4.57,4.0,14416.2,13912.9,7.6
2018-08-01,7701.819824,7732.680176,7670.709961,7707.290039,7707.290039,2228950000,251.749,4.55,3.8,14509.6,14014.5,7.6
2018-10-01,8091.5,8107.379883,8019.77002,8037.299805,8037.299805,2299520000,252.862,4.83,3.8,14527.7,14119.6,7.4
2018-11-01,7327.819824,7435.879883,7286.5,7434.060059,7434.060059,2728760000,252.657,4.866,3.8,14550.4,14187.8,7.2
2019-02-01,7256.370117,7299.939941,7243.410156,7263.870117,7263.870117,2398800000,253.135,4.37,3.8,14742.1,14117.9,8.8
2019-03-01,7587.450195,7603.040039,7540.75,7595.350098,7595.350098,2490920000,254.273,4.265,3.8,14732.5,14244.4,8.2
2019-04-01,7800.240234,7831.450195,7777.089844,7828.910156,7828.910156,2230050000,255.163,4.1425,3.6,14678.0,14329.3,7.7
2019-05-01,8132.930176,8146.0,8048.22998,8049.640137,8049.640137,2273540000,255.325,4.072,3.6,14673.5,14372.2,7.4
2019-07-01,8145.850098,8150.450195,8059.290039,8091.160156,8091.160156,2219030000,255.9,3.765,3.7,14703.7,14487.4,7.0
2019-08-01,8190.560059,8311.040039,8080.52002,8111.120117,8111.120117,2815420000,256.179,3.616,3.7,14777.8,14536.4,7.2
2019-10-01,8026.830078,8062.5,7906.290039,7908.680176,7908.680176,2250500000,257.305,3.688,3.6,14821.4,14607.9,7.4
2019-11-01,8335.049805,8386.75,8326.55957,8386.400391,8386.400391,2071350000,257.788,3.695,3.6,14885.9,14667.6,7.5
2020-04-01,7459.5,7566.370117,7301.97998,7360.580078,7360.580078,3700040000,256.094,3.306,14.7,17170.7,12021.8,33.8
2020-05-01,8681.290039,8754.459961,8566.839844,8604.950195,8604.950195,3741300000,255.944,3.2325,13.2,16333.0,13058.1,24.8
2020-06-01,9471.419922,9571.280273,9462.320313,9552.049805,9552.049805,3847770000,257.217,3.1625,11.0,16057.3,13889.3,19.3
2020-07-01,10063.66992,10197.19043,10048.04004,10154.62988,10154.62988,4624430000,258.543,3.016,10.2,16151.9,14129.2,18.7
2020-09-01,11850.95996,11945.71973,11794.78027,11939.66992,11939.66992,3511060000,260.19,2.89,7.9,15643.4,14481.7,14.3
2020-10-01,11291.99023,11344.12988,11240.53027,11326.50977,11326.50977,4005900000,260.352,2.834,6.9,15568.4,14546.0,13.6
2020-12-01,12313.36035,12405.79004,12263.92969,12355.11035,12355.11035,6512420000,261.564,2.684,6.7,15393.8,14389.5,14.0
2021-02-01,13226.17969,13431.45996,13132.46973,13403.38965,13403.38965,7092520000,263.346,2.81,6.2,15548.2,14699.6,13.5
2021-03-01,13406.16016,13596.58984,13362.66016,13588.83008,13588.83008,5079530000,265.028,3.0825,6.0,19119.5,15458.9,26.6
2021-04-01,13414.32031,13487.08008,13404.17969,13480.11035,13480.11035,4576480000,266.727,3.06,6.0,16146.9,15618.7,12.6
2021-06-01,13829.05957,13836.16992,13678.76953,13736.48047,13736.48047,4186280000,270.955,2.975,5.9,15603.3,15802.0,9.5
2021-07-01,14493.69043,14533.54981,14439.40039,14522.37988,14522.37988,4410470000,272.184,2.868,5.4,15735.2,15814.9,10.5
2021-09-01,15308.98047,15379.5,15302.11035,15309.37988,15309.37988,4271690000,274.214,2.9,4.7,15466.3,16088.9,8.1
2021-10-01,14494.92969,14606.82031,14324.00977,14566.7002,14566.7002,4710720000,276.59,3.0675,4.6,15472.4,16309.5,7.5
2021-11-01,15541.25977,15598.9502,15470.82031,15595.91992,15595.91992,5273950000,278.524,3.0675,4.2,15470.8,16390.9,7.6
2021-12-01,15752.26953,15816.82031,15243.92969,15254.04981,15254.04981,6320260000,280.126,3.098,3.9,15442.7,16242.3,8.7
